-1.131881361437821,-1.572623924416776,-1.177639487137083,-19.3016408066744
0.1771921219195636,-0.4322062100663451,0.3209940313559521,2.775591094653625
-1.332674866873368,-0.1439994657341737,-0.5759030361911379,-8.007589265697559
-0.6448548311736304,0.3974574916602807,-1.588834636831183,-14.72116160563071
-0.2946778734289472,-0.09635825339560967,0.7352515438021808,7.346317133584481
0.2490157894862655,0.4544876942874839,0.2889446103405575,6.15770287500493
0.8903038340149194,-1.919399266197298,0.9866325427773409,4.984952235792949
-0.9663412719794288,0.7825867866835636,0.7661413918993105,9.871624313943119
1.039698560515185,0.02040867972726636,1.209130839847463,15.38333959317739
0.4430846493636642,0.4694272110276231,-1.284619526565669,-9.086221306264774
-0.3108695916514205,-0.7549790998661272,0.1666704913689528,-0.9419211186412125
-0.4377918823870535,-0.2831227236217363,0.3225106145575522,2.32806214992088
1.962553862036035,1.397773042151772,-1.54116984094685,-4.982106714881469
-0.05751408279258445,0.6131033781756842,-0.8754532586084387,-5.42612495746504
-1.821811712410072,0.4387832105779387,-0.8102321152635559,-9.039316735321576
-0.4830226253580177,0.5462793509029521,0.4692617844093143,7.051031573317171
1.989280707504383,0.8317630953911263,-0.6571302149786569,1.73671179592302
-0.3913065736474209,0.9298100189537482,0.87742625935716,12.72836530060625
1.934065388465345,-0.835351491404796,-1.40384426640638,-12.52260447160756
0.3309580480037164,0.5633215311487424,-1.544055531308738,-11.43347487041878
0.8500833629878598,0.233591738422486,-1.344513254704132,-9.587172042309609
1.090792406370348,0.8815755263488565,1.488655380783593,21.58057037044514
-0.1818240544838998,-1.711148232616288,1.108436365284511,5.064590518177868
0.363814382281186,0.4481555350028727,0.6754671852429238,10.18269950961921
-0.3406035186142066,-0.4247774046039672,-0.885701550228932,-10.35158890769174
0.4260655396906227,-1.381458894431389,0.09561547993111721,-2.634458606081438
1.266261083527381,-0.496445720089874,1.893577090338113,20.54715032685206
-0.9119939957021233,0.8034465868661456,0.7613081069305231,9.913293792900991
-2.203318269782322,-1.598323531947583,0.9987708126213716,0.191826479725991
1.851644742667347,0.2222517173791297,-0.9911047991318414,-4.286736820689205
-0.4534066585173637,1.263528220100477,-0.3496205243945036,1.698012144506609
0.3375029513307802,-0.3908926843549608,0.5485888597786719,5.566169493576289
-1.169159997137389,0.2047951511776374,-1.48335062830104,-15.33451748525941
-0.7861738380827963,-0.5880014942647488,-0.9281005402818808,-12.16353768352404
1.751758709373016,0.3540765654939131,-0.4696952280318705,1.149186264017668
-0.8131637869534465,0.8418333225854616,0.3911587635352476,6.697007890510621
-0.2464392221471645,-0.8550470297398561,0.98900620850401,6.888539933749019
0.1289356737398925,1.887754115402096,0.3543608097668404,12.25353053804826
-0.2497715625136721,-0.4827109325403773,0.8400942195850851,6.920922901482821
1.594847381658433,-0.01185993284950606,0.439541369542573,8.52307856685894
0.5517950805827483,-0.5084974119355958,-2.052962652463562,-20.5766987127132
0.5643144027879922,1.440033626622881,0.9048619268833672,16.75165877277795
0.2431774430635658,-0.2569796342329843,-0.4906656074236163,-4.393015366082929
0.7925404958651406,0.9872817586255838,0.4005541710643241,10.53452950202377
0.3544778438525001,-0.6887881652204392,0.2754901963347998,1.601789085793207
0.06984233762609995,0.5646851761959137,0.1446980327866955,4.882096680986626
1.209183512299718,-1.140402829369284,-0.1189354771869166,-2.243972232273765
0.4074789738092978,1.539909713522157,-1.315901029907996,-5.168679635571223
-0.1915962412083718,-0.2841340321985515,-1.247768738888417,-12.92554232800862
-0.2008992910538571,-0.5225689789153947,-2.034192661653181,-21.80482187674383
0.139963563440242,-0.06306647349673322,0.771525066708773,8.726289303968906
-1.168914025960939,-1.049625252238907,1.739415778546946,11.6728393895397
-1.883791123237448,-0.9408825754188412,0.2964520404865377,-3.358703669691689
0.7948505040990439,-0.6968302202113038,1.030255364035916,10.0885461018038
1.27364116058384,-0.3402257933244343,-0.9920830188125189,-7.88280124960997
-1.35286456837118,-0.4312140416647179,0.7920915399675937,4.299841722453917
-1.122145199177355,1.194565311161915,-1.617661675834822,-12.766292967819
-0.9987777253124582,-0.2087773694912294,-0.2285431439987106,-4.198117310991174
-0.2955608930611127,-1.927596144554709,-0.1901796567270127,-9.162367464468296
-0.3971534105665124,-0.1517565405174189,-0.776012768664587,-8.127832953570749
-1.219626039382628,-0.8846715613282071,-1.077685665248671,-15.63735559895078
-1.104837450214003,0.8064621288175178,-0.5539890574909068,-3.608943233829967
0.1140511392989941,0.7592481393545703,1.977851116493703,24.17728565748779
-0.7129113841957339,0.8436246433273173,-1.06880827714476,-7.780802015002348
0.2885307188695768,-0.1868205591869554,-0.4812644991290436,-3.994347042575329
-0.4544990171757746,-1.866116102204217,1.627356841327387,8.849049766332191
-0.2803527654105953,0.660866162706443,-0.6530287658553372,-3.423304617205134
0.6750228556771948,-1.373023822733981,0.8707589483294579,5.504003456989029
1.648007304339159,0.6495587825031106,-0.6036500505559886,0.9870355385370051
0.1782343542206251,-2.378494345288225,0.57331630924761,-2.401258528205615
-0.09355317526983291,0.1997686494606875,0.09623541552815867,2.502078572888825
0.791987723419678,-1.589753153452889,0.02644474244912647,-3.384351665287882
1.946826489226,-0.5234669060572322,1.048785107592593,13.23979949283299
0.7219002373287591,-0.8402213257962837,1.403656209285746,13.19130045190732
-0.993311151704059,0.04086281309888689,-0.2814578294206143,-3.522102162398243
-0.3658297871389797,-1.19206240989409,-1.816712148160744,-22.60232854999181
1.695455759017505,-1.109227971128657,0.1288541773420168,1.255619386874061
-0.6371512252936328,0.8805257254978471,1.54160231617278,18.64292556154876
-0.1590164326223684,-0.4823514547662395,0.7889847555747492,6.763741439162569
-0.1384682610969923,0.4802546962204018,0.4840557858696979,7.527715624840602
-1.196303585649931,1.060210035268995,-1.447318335594465,-11.64523835520232
0.8174192303632459,-1.01435761612274,-0.142559635316914,-2.860031706084399
-1.182820879596461,0.6294791103334881,-1.184956912834247,-10.56039765720423
1.692891547253305,0.1334210733983553,1.780955186358758,22.82346225626161
0.8042152317508944,0.1279601074802166,-0.2586644017064917,0.233300623366233
-0.8261065283131183,-1.041242405684733,0.1325343202088756,-3.43901542212222
0.6913676336524736,1.25002881144675,0.2467084170368458,9.878737296023795
-0.2844963768807078,0.5966321912737786,-0.750017362697678,-4.647715919094436
1.794961665266291,-1.198417424355768,0.04035775538184513,0.06463840780259891
2.483303666035671,0.08928807048708666,1.191695746734172,18.40701684088679
0.1528872458327482,-0.3738679781694847,0.9366936023098104,9.171000931447598
0.2917799502848178,-1.027488456430889,-0.9987759628536191,-12.46151075328507
-0.1580859672055998,0.09458066616499737,-0.1858014766020381,-0.7894185982656092
-0.758617401186177,1.059977922411454,0.8482740962670378,12.20262829217129
1.471772563274238,2.164249523631518,1.281974559856164,25.46781630125062
0.6485409838169487,0.802127125857786,-1.153045983501613,-6.083245107293433
0.9213919788728124,-2.691133231058501,1.247975531367755,4.713791541436276
-1.451321841626602,-0.3696052612841169,-0.9110684025190231,-12.38306688513655
0.01223947267368575,-0.8737013380401857,0.3695590512842499,1.212355978766654
-0.8207582484397197,-0.1525388403245396,-2.336266701128486,-24.6130645498972
2.145983823818836,-0.2496889922421119,0.8210665290478331,12.8129416214935
1.264424897711789,0.4168563432763656,-1.028525580668333,-5.009864023673387
0.2635886879354277,0.3121717488220579,0.04031934710458622,3.140487386999081
1.875921449011835,-0.5990462573208611,2.134519147254232,23.59463590229322
1.120304868497819,0.2302445497696101,0.4751074018655574,9.082657689108048
-0.005257348088116775,-1.024768461935937,-1.12432302969589,-14.47681061931016
-0.3764759091765498,-1.197463852321073,0.01371451971948153,-4.377030862701166
0.4267842045490965,-1.039265222838307,1.901223437893764,16.75457041113076
0.1128285150740087,0.4406170634409899,-0.1876762639755393,0.9530133528891904
-1.011768736888156,-0.1967643817179577,0.05621419821451563,-1.14448725156407
-0.7910387852075341,1.248234244455394,0.9308581947051165,13.77496837968475
0.3008009013340028,1.467826203763015,-1.388659616144097,-6.27878613572537
-0.7438016754082448,-1.269277878030982,1.368330144684787,7.938716922850957
1.904344590066309,-0.5860752556746053,-2.30791622947507,-20.45470798350734
0.5789206632508108,0.07424970755137104,1.566013708514809,17.91243234515492
0.2962570479299618,-0.4014940407898256,-0.7782816141851407,-7.647531193763717
-1.223656683158159,-2.748712243807882,0.5165508132261249,-7.268108521180657
0.3639956514122196,0.6316131313842149,-1.350318310509459,-9.447373557081331
0.2883414526180792,0.1716802433216624,-0.4889705515408752,-2.600390494037674
1.469107366322863,-0.7783668385971335,0.3181137579269306,3.9471436622698
-0.8006750719353456,-1.337635438768966,-0.9003316530028783,-14.93427312775308
1.631663755188125,-1.322923958577456,-0.02298909833716493,-1.365741302811944
1.497732687350345,0.2339879151765956,0.59867299051668,10.82497201097821
-0.8543758060180021,0.316487277960501,1.330302396662172,14.02251817585533
0.8038520091871832,-0.7085102402373499,-1.138097312199911,-11.60187929785459
-0.2023212687328202,0.6516737301822684,-0.4321766614587995,-1.302807428372818
-0.2682031807739544,0.5088431259518983,-0.5786756153331943,-3.237872183357672
1.335332240705591,1.153645088420966,0.05524649792949777,8.970498254349335
0.4043713891984608,1.898899737786447,-2.287239045607501,-13.49229584978054
-0.4493887460469095,1.74337676570882,-0.5721526695109206,1.286245843504426
-0.2736623313563558,-0.9465506207568593,1.728182307063368,14.05338876445473
-1.299225131816175,-1.073728052394491,0.394093525627888,-1.874565807387522
-0.3670348147942579,-0.1178152301481049,0.3543480771581225,3.43891098758647
0.04744005859102472,0.5006530789119938,-2.017234068795595,-17.10057960108878
-0.1874449273838177,-0.5627807916979487,0.4763558877764206,3.423392170661602
-0.007192390777960569,1.056968742000719,1.651385556442369,21.77801275380741
-1.942779913496563,-0.7530439892878736,-1.816122450888525,-24.27853674383399
0.8137999839101496,0.4999181514372505,-1.287638850912268,-8.274706878133857
0.6771140633132553,1.424809791080762,-0.04025200944320036,7.412777593937331
0.4114533214825659,1.414477675991403,0.2429953799802722,9.853987012177093
0.5441638959013314,-1.734749527993071,-0.5129597345145636,-9.919758074858137
0.4977434787466422,0.7012468209525762,-0.8960241204873816,-4.061455269235095
-0.2477770436383825,-1.605194014547468,-1.66845427267362,-22.60901164698543
-1.10792825495128,0.08802473391124453,0.5366449553882439,4.372998865082556
0.184608603159676,-1.286039511883564,0.3638848151101122,-0.09383515140607671
1.080667424988439,-0.2706314864839068,1.52813024870266,17.44802497870843
-0.9386588331010859,-0.9561436895704865,-0.4962991432440995,-9.539995679743923
-0.6072215377418158,1.825100709487119,-0.4042778431960842,3.172290533632575
0.700627085942704,-0.8528097444709558,-0.9256800592916806,-10.26936537888169
-0.5162268319876517,0.7953851584485917,1.549572972527503,18.52096563154765
-0.09942379367412381,0.4908989225905095,0.2749891765472016,5.434855676954538
0.4640600326291295,-0.02200235520633094,-0.5334948988808942,-3.549455474347865
-1.30840337211353,-1.883774122876527,-0.7115132713841561,-16.32251819529005
-0.8527947756963897,-0.2630480223294652,1.020050101837002,8.579086077242859
0.9726443012937731,-0.08421400966875646,-0.7966298884749841,-5.402950993487589
0.546743701922434,0.1527746994897651,-1.861788006343021,-15.90442102195853
0.2757254182086581,-0.6956256565365736,-0.2716490324152051,-3.978427839994081
-0.6060824657591231,0.9015252893632546,0.6670302617304869,10.21876426744706
-2.203751061718762,-1.392847562007572,-0.3412232329052053,-12.30835581120134
0.03038115730250626,-0.4817970245235621,0.2215306433229415,1.44534229860454
1.462899354798136,0.09721366951448664,1.367105790472745,17.978961302297
-0.4015102760776377,-1.934560807091557,1.811946760605955,10.66259588011483
0.6433392373887272,-0.8092768126402071,0.8016017998035659,6.990723110178516
0.468844692314705,-0.4393354308847905,0.09888760761152315,1.230460211737573
-0.5104906223983378,-0.6618926266039489,-1.49824243748348,-17.66283220988351
-0.3089257597986911,1.238031095829181,0.5772791578107278,11.12738944000914
-2.301048023299649,1.456491366455104,1.544698453023514,17.51967234540538
0.4876097086965943,1.285220137469782,-0.5479091684794668,1.657107427167371
0.8308413642079996,-0.4379453913979935,0.1048475513495137,1.859171127719332
-0.368767699444435,0.5570581630596076,-1.07014662532784,-8.258515856182845
-0.9035518276305037,-0.9118455087066836,-1.109451215124976,-15.63078037395848
1.067771099576682,-1.840716843585066,0.6993287465756428,2.715889429363735
-0.2659467543321254,1.083453677606938,2.637368010365247,31.22603621696661
0.1553951531183085,0.8558161587265563,-0.1258794776925984,3.436857043616877
-0.5624210921110667,-0.5847477568980198,0.4534120784497072,2.119348581677951
-0.469116860324127,-1.690780875404758,-1.414844509699581,-20.9605980895839
-2.046737858527891,-0.6145088622999597,-0.09437627096972008,-6.415751756872406
-0.2181308403245447,-0.3451420405449256,0.03100445590987316,-0.472052905952405
1.030117767317189,1.617156720961693,-1.365844679950867,-4.058569617054371
1.124433146987114,-0.5699019355409225,-0.02890087528410691,0.7187523949088946
-0.8826978166922694,-0.3380938759358779,0.5614109183645706,3.516516394269229
0.4193131417223899,0.9106802102646944,1.734619097963108,22.89697563315256
0.7514267213008613,-0.2533580174290136,0.5782229754266225,7.271159489894204
1.732332711978599,-0.5934867901113591,-2.728662320688231,-25.21605093556339
-0.8232592317179324,0.07565091939639079,-0.8185448946789189,-8.680358537992623
0.03558277274941583,-1.657759486291558,-1.332665950674632,-18.88233756303894
-1.586472120724728,0.2372887185878916,-0.4347154920234099,-5.585654227871385
-0.6646465734985211,-1.042636653022799,-2.124354719770495,-25.80447228838537
0.1494174142176478,0.2174298259927319,-0.4363464911181474,-2.182817420140989
-2.098228589305071,0.6289381114446725,0.2637199213875172,1.899073413068431
0.4681815666432068,-1.184759299997623,0.9831229949456368,7.128998674560974
0.6032763973690941,-0.08863866413696493,0.2766338477687956,4.515722036771963
0.3176861584183575,-0.9589945711073274,-0.6939876684816406,-9.168227430797577
1.225902460499966,0.02840581568412773,-1.047654127991786,-6.961572801202978
-0.006844334235775268,2.097768715027086,1.671880621706679,26.05005805010698
-0.6930567059232322,-0.8101774232246204,0.5214758718920198,1.54031999636795
0.620474456194149,0.3145994668606918,-2.052607810776628,-17.05870569733923
-0.696205301629462,-1.867113208662113,0.5506419254540135,-2.274930777693339
0.4725644471578526,-1.17292439830011,-0.03466911115622873,-2.876526034493207
-0.256447485043617,0.9462576578721614,-0.9024434725546709,-4.794342768128422
-0.4794581996634707,-1.323043160307763,-0.6613650705005374,-11.80804256456327
0.8930538972438942,-1.31837001586328,-0.135495279040468,-3.895451945513476
-0.1311196496835143,0.2208707936955745,-0.7900840115295439,-6.250544855392816
0.2518197425087941,-0.2917736408507199,0.9759906355462954,10.07030388228739
-0.3506722036655743,0.7483253101005557,0.794364451186046,11.29361889796109
0.3674195088156835,0.7849586025791171,-0.5946976259465989,-1.073550114258452
1.915944189395982,-0.07258059374715023,0.05222356604800636,5.174447620577669
0.1470028110671184,-0.1780127715001486,0.88577850921215,9.472996867032077
-0.4710471996296382,-0.5458347847458986,1.269969921172054,10.61081304760581
2.951062023354774,-0.7540003520262686,0.4639401823516183,8.544243124560948
0.2869997136319061,0.7869062771110165,-0.3502657843804518,1.251200918829955
2.738335206333827,1.000048823732696,-0.09402294432049922,9.608921916896326
-0.8296154517655712,1.518892852529927,-0.8298217849168928,-2.975900505315888
-0.7190942372091857,0.6592389862671665,-0.402368232521138,-1.669984001510915
-0.2357160265053161,-1.97483847490105,1.423676233413858,6.776434995023737
0.6113924205647545,-0.114311414265274,0.6626231058659162,8.387130393826762
1.466237790617187,0.2197093347321326,0.3190864307656924,8.059730439372652
-0.7316473369992234,-0.470811052401677,-0.6915689416208962,-9.102726370358818
0.3787021606771089,-1.25075318026693,0.9207986895045838,6.009167621132554
0.4935648593426148,-0.02763667821512411,2.015728600310705,22.19030297008903
-0.3694324933602045,-0.3312882358224994,0.7571695153174985,6.533294846370955
1.067275370116249,0.393395876805173,-0.1845256795351278,2.89328315989823
1.58445811624607,0.01759832719800431,-0.9226766619211791,-4.915314911658342
0.1913286809035164,0.4655302124868977,-1.350155611797937,-10.12856720016587
-1.852031732636322,1.160349974757434,-0.8136108359495292,-6.012797959592783
1.324254072627352,-0.621728457460104,1.322785178867359,14.36100739361701
-0.7766839597004817,0.5273941417403446,-1.885836182810238,-17.2727731367815
0.821182661480216,-1.546369708657787,0.2401611633736785,-1.003206480316316
0.1089114084075474,-0.9489985702990568,-0.2825249952431871,-5.329696273171089
-0.1057061271150191,1.30369610742671,0.547793110959569,11.45833652782757
-0.8600528482795654,-1.018564077053864,1.510721202422123,10.34803538340285
-0.8546680694648353,-2.110191239257301,-1.734046207644732,-26.35317761161684
0.7692073601349509,-2.114639046842142,-0.618853992919051,-12.15522483075596
0.6683046379513498,-0.1125763413500305,-2.317408041850868,-21.11308314209275
-0.5157914591754972,1.129380075793146,-0.5742955267298767,-1.305895741846121
0.4226378248863861,0.2060176858132372,-0.704525548806707,-4.217353336264606
0.4211742751629435,-1.181149156767655,0.7073260422714577,4.244350764011549
-0.7766936359494316,-0.3614829956833029,-1.325715674441881,-15.09490869079053
0.7567885574833517,0.7014966355203319,-0.09365713287444845,4.353705030022617
-1.421792139905863,2.091724960047219,1.099200168197073,17.60129582547971
-1.787241703842241,-2.567272919249123,0.6098861041704724,-6.659655506347454
2.853595092296308,-0.7240781945239293,0.692387030245147,10.52028643913984
-0.3956403476208795,0.5984587398886148,-0.420255145435508,-1.520007622890828
0.8860995610150364,1.009857035952686,-0.03745303524019365,6.560014475589369
-2.08678070486561,0.8679113290445994,0.7383680367593854,7.598715872537092
-1.608277345849398,-0.2276366803689394,0.6844440418712165,3.789007540668641
-0.4252475883576159,-0.8039617335129264,-1.021260538847677,-13.34455185328239
-1.009503397919148,0.8249219350783654,-0.7254068587514487,-4.844388846751174
0.5591863544616956,-0.5909498720151731,0.8144176998961787,8.097527799384999
1.689237280368428,-0.3128073357108617,0.01307023946362712,3.33461703570869
0.533542743299906,0.9708001344610028,-0.8336929863738087,-2.265920556500665
1.013820571528657,-0.6436549560947464,-1.922568723127525,-18.70056518306388
-1.332608783302788,-0.9895004748741494,0.9989746446520059,4.548905502378393
-0.7452731389482639,1.509752989055344,-0.1407953243021749,3.941432539188362
0.5593773995339339,-0.5930168822853511,0.5888124557115459,5.825739790854401
-0.4331414984074923,-1.507027095567486,-0.05862978992070852,-6.330223662970408
1.260822850017211,0.2603695162978679,-0.1441591059186854,3.078747468981804
0.654723034397788,-0.8733874098797654,0.07974514640874464,-0.4008596912586641
1.130889105828741,0.5199148659177117,1.145540666347949,16.66321498959142
0.4815460402138804,0.3612173943770771,0.9005841536490361,12.59792435621791
0.06482058255772988,-1.430922175396541,0.5001194897428238,0.4639256020118939
0.1473434704763395,0.9832896587883734,-1.084524453392433,-5.673339464817508
0.2810470709269784,-1.908166414055806,-1.27846922259357,-18.89463533013717
0.1419585481323345,-0.1078537939674665,1.526685598614204,15.99565920752197
-0.1222019750261311,2.190785863554267,-0.7656708160360631,2.001535002603835
1.251392332654742,0.900479172578692,-0.301375929434458,4.168249953509722
-0.2220836132293203,0.2149189308572705,-1.148385089342336,-10.2722204614338
0.479455639936411,1.764867986161823,-0.5468454438547548,3.603676848056125
0.1091093218273178,0.7833776131711747,0.08877314409940486,5.413732365957573
0.1041172509915209,-0.5141399699691246,-0.7955191553459304,-8.818285091175625
-0.9971047876840325,0.3257280765109296,-0.5115734700429708,-4.689551236675118
0.8151536943180138,1.230232310952187,1.300610708456122,20.64611893831779
0.766052818818575,0.4572578183358775,1.535149322581342,19.63499422987438
0.9720252107091117,-0.3937558531135327,-0.1261655852489663,0.02605499995014292
0.8255747456476019,-0.4809042130876964,1.014766678739434,10.80442757629488
-0.2662268533046462,0.8070910438496629,0.3256679240237654,6.950169998107315
-0.0317166830641416,-0.3193942608553055,0.9806320608005102,9.424315881835417
0.4828008680987466,-1.059409987136934,2.093536497325219,18.66205395070284
0.202617514176771,-0.6975343763240419,-0.8418560617180324,-9.833244922454965
-0.8501563675027592,-1.529729728952638,-0.1943029285089638,-8.582441275278869
-1.227882856196982,0.6392632961427082,-2.585416020767795,-24.69945250520049
1.616219348674929,1.92023463870693,-0.6656056021465043,5.316105358528671
-0.5408582799591874,0.7228297647250329,-1.254747696665697,-9.744748495749974
-0.3065417616697118,-1.225131967589639,0.5253470380081412,0.9618467483773935
-1.750650052784919,-0.01239785213903878,1.492736443680283,12.34797692006611
-0.05929057501306231,0.8626891753584497,0.08168290156567742,5.191184975171305
-0.2670453282275919,-1.661969469872543,-1.719985305499117,-23.29760525160846
0.1603191914058076,-0.5636656670904041,-0.8976244977755753,-9.93751196456339
-1.066662630336694,-0.8112305897471636,1.051238655729879,5.987873958895861
-1.447617106456094,1.182778260034604,-1.260827826199556,-9.794532129437073
0.9508642078221625,0.7992326751520128,-1.130124107741154,-5.135803248288779
0.8678420961003633,0.2252532386571668,1.1054665328568,14.79447641569953
-0.3400852641292466,0.02339867271918793,0.225955552129622,2.728569923286065
2.503213989875507,1.504910295674578,-1.246253284520881,-0.4137491737375735
-0.5139224359177162,0.02024711145670459,0.001281436103724388,-0.06121389550783701
-1.797735448237306,1.080714700266531,0.8925737704362949,10.61953617010643
1.714981303933543,0.25769295444222,0.8022063586124214,13.50977996573227
-0.3534558735319728,0.4283635986657965,0.3753734060593549,5.708949208339602
1.214601861257333,0.4835805227742994,-0.5024247726680737,0.3537043462531764
-1.042107745941232,0.07037184181078444,0.7723459896969788,6.871367683683801
1.056971173314711,0.7276053963743034,-0.03922262207651928,5.710873459827134
1.560977872807763,0.1379974139312789,-1.018100416637433,-5.495361389363364
0.3783719209928674,-0.8968473511411788,0.9107392401057811,7.198869641700167
0.2139680618226719,0.0638048250867613,-0.6124674017495755,-4.586472898113349
0.9208911776679928,-0.9878051178752636,0.1007860517102222,0.08382361003805314
0.4133939911802582,-0.008101555519309727,0.1568596640162278,3.242574290141271
-1.652460465373162,0.6670271486497649,-0.2067407705712082,-1.615926356155134
0.7883327007109074,-1.02070697834988,-1.157644264617686,-12.982188911151
1.213826904833315,1.049356868242865,0.2821804414820618,10.51235914764411
0.7071946370489433,-1.009348253102609,0.9377672402840282,7.713562196336367
-0.6334590805491358,-0.6967478012925742,-2.070055013803376,-23.52465614916303
-1.351950425691347,-0.3816403583191829,0.5640814920378584,2.175912831560647
1.099987083217133,-0.6922757709526283,-0.3884719677860182,-3.467029499566016
-0.638989904753691,-1.023630408049235,0.3691383875261208,-0.6276783081829079
0.8808356919898581,0.7642081067795155,-1.294889974359217,-7.117798746960477
0.2557273260404614,1.902055680426351,0.7648725609026664,16.7165010186602
-0.03289923125901661,0.4385039646324808,-1.518411884191055,-12.59647225436007
-0.09861509014310725,-1.309368526083277,-1.049926547970968,-15.01060543268083
-0.1436580016240875,1.874806751267017,-0.6573685404968226,1.691083791273825
-1.94321440996019,-0.8554227032605028,0.4107817520185456,-2.348417733695611
0.04997755820717584,-1.895934775463528,-0.9519097679600639,-15.97356586907405
-0.08863083074650867,0.262389666093119,0.2197829690244445,4.093821833210523
1.091670460887599,0.5026003207235045,1.067566330246983,15.87916582601784
-1.268362789299452,-0.3533308350125654,-0.9531636916791525,-12.566438038275
1.110353729127439,-1.449108702554393,0.3293862892179057,0.6783801330640394
-0.7100904624536148,0.206240287843293,-2.287630337887911,-22.49567531278811
1.232068799362295,0.4168242370044752,-0.1674345041642441,3.47782223204339
1.797218585662196,-0.7495846531080587,0.6630348857524964,8.27920691238239
-0.4267912966533684,0.7828875048023494,0.3738813591425176,7.095230820232363
-3.059467151568863,1.48299938092505,-1.743565531845194,-16.55284368082577
-0.8075465465409963,-1.34418411909043,1.485030682742698,8.77121423938056
1.269228221302317,-0.003360424177744077,0.2374818961502622,5.956600817930434
1.486681813132655,0.8404407514492416,-0.1727442661169666,5.71381589460343
0.2392860216880163,0.8948632168594894,0.1847104347927225,6.922811169149466
0.3635327849244609,-0.177732558613708,-0.277085657053609,-1.655768936194533
-0.5570031790516975,-0.43783936812083,-0.9510985361485055,-11.28519660122401
-0.2115705707045737,-1.385992199732776,-0.7385718512783038,-12.28987518252107
1.653709568850636,-0.5010735505258574,0.7484437804527652,9.612706155004787
0.6174937405065412,0.04630441117478541,-0.01771364089784172,2.134144933566816
0.8235648573296839,-0.3064616910721442,0.6785462261839603,8.15819941046716
-0.1697004815395947,-0.6578211076154797,0.1434515444541019,-0.4041367095888498
-0.267524488792147,-0.5436319484620896,-1.526993578893701,-16.86339470874315
-0.5873176013561833,-0.4782199703228387,0.5408695328535085,3.330612004444632
-1.567364150117114,0.4059700106341853,0.5964611965457728,5.553159464122492
-1.477686599664702,0.1626893406178734,0.302469907916973,1.746020804264468
0.4295135916777853,-0.05099787288200498,-0.6379353263581161,-4.764514621035479
0.8810953415412386,-0.06354415101505204,0.2592887159784181,5.0487344163502
0.816133355152054,0.8580687933275746,-0.2180359391482496,3.820051201797555
1.316125137223921,1.242521756103438,-0.344657934184569,5.035460298085639
-0.1677437860348537,1.950900301785636,-0.9722826859305564,-1.219706031844324
0.1745252766279716,-1.731621239643802,-1.558489278301878,-21.19659878739215
-0.2127749994451276,0.1109704987218352,1.229237389299135,13.3975898402184
0.8496731838845918,-0.8405078838419883,0.495904034398042,4.263273789440071
-0.8376618509415716,-0.9142161661299479,0.3744403295030628,-0.7479461480358085
-0.3992105633874781,-1.195929820206275,-0.1881939069707432,-6.362375879897491
-1.158597172961757,-0.911920616135982,-0.9128591313825277,-14.21854680699326
-0.3075437802906987,-0.09648336130281004,-0.493917989298951,-5.034413605396546
-0.1127072077190489,0.3251502468187036,2.034564570216296,22.48204440743002
0.3409985486142554,0.8459387929145845,-0.5792073229245401,-0.8069622259914111
-0.4503563958128363,0.9713275589137885,0.5806170779784369,9.793613068603811
-0.5043230166984193,0.5878206975767492,-1.458495009905815,-12.21203881379684
-0.3687922240274371,-1.316507653710043,-0.6843568468453618,-11.74001468206526
0.2648820925300281,1.442169756314735,0.4450113830551033,11.70998371099954
-0.2299912875338809,2.077878867974138,-1.226455539575,-3.440450707602591
-0.6055622947814419,-0.1262289004200744,1.3892461221729,13.22158823988756
0.2391682031920884,-0.3558595549021989,0.5169329661617694,5.222342444387563
1.594141415257135,0.3182030472869389,-0.606642471437806,-0.4785213744500311
1.377609286501924,-0.5375822336721675,1.565410352593291,17.34870531381036
1.465668361666749,-0.7037928999100032,-0.2348732907498993,-1.167815858933126
-0.9798121638831089,0.3721456246407034,-0.7870154604749942,-7.490630278447688
1.378057189658595,-1.042481023762396,1.001839364884116,9.772555044148765
-0.1939051179008559,1.99707521530385,0.2618105284718749,11.23499293156065
-1.335775783476009,-2.205343288473387,-0.137219734147019,-11.88460786511605
-0.4406264438971557,0.4350504892322832,-1.658597899728455,-14.69132213137411
-0.03055473766005266,0.1071585729535857,-0.4426609301220086,-2.998501693397822
0.5923468444151844,1.659827558376239,1.298738679557809,21.77183747453834
-0.9172143701058705,0.3094955597571629,-1.179018507227424,-11.32637965378698
-0.9434803008632633,-0.573331012921224,-0.9538561214713994,-12.85300064670518
0.5235669253217293,1.105026688680229,0.6922455449622898,13.34468571850315
0.001594286971945512,-1.098958551312584,-1.623614294630294,-19.48200989440712
0.2723341944973494,-0.2341391568381027,-0.8350012448659948,-7.901412482103656
0.3560149951034542,0.1961086912245846,0.8951888897294481,11.38716782837891
-1.790737815882165,-0.8392302324807883,-0.4662521529609627,-10.39788841678625
-0.9588687393645695,0.7939427256434992,0.2617030772959339,5.189365795400135
-1.071882006489038,-0.04725349502941484,-0.7892000905744311,-9.208031674297615
-0.5895975342777157,1.092345841445953,-1.144466036192547,-7.314468793377144
1.259964301053159,0.300416820289057,1.162841911781076,16.31392889845493
-0.5717908027262772,0.6828456729950332,-0.9300626206613718,-6.73898480245542
1.808290479719206,-1.71089001225354,2.069175286171311,18.44669931996411
0.5038940819231672,-0.4170506870901988,1.422191196511151,14.75961126583806
-0.4799313777029703,1.089439890088624,-2.004493295574199,-15.64945398139211
1.365773115377902,0.8549908225188726,1.285199141731574,19.91535520238273
1.462164994764409,0.8895495804049282,-0.4072443669696402,3.39775432020446
1.197598134067996,1.275981333007935,1.317024172870732,21.65190387079104
-0.8480278574659784,-0.006306480891828494,-0.09168556049897844,-1.67262765487529
0.1919944296750445,-0.5086898935604584,-0.6119127496300938,-6.695788299521796
-1.929007069598533,-1.337935390693129,-0.8595492050409655,-16.80446342166406
-0.7781158063176733,0.684510514112861,1.640441232475977,18.60085445138803
0.07007987742285984,-0.2584380424678599,0.6609104095049345,6.655121670270278
-0.4516780548654664,1.280626230316929,0.8982619107248825,14.54541805336757
-0.1148836270434605,-1.092842354842921,0.5226043846226283,1.487773615063856
-1.622474081026835,1.123752510188699,0.7879634977385618,10.14986081907486
0.05690496955155332,0.1387958122728952,0.7388183940568861,9.156067018401785
-0.4502163389251879,3.166579358837612,-0.8271938669982929,4.541149695151481
-1.082879138554613,-2.401914186903491,1.009443788706812,-0.657902766044655
0.5660230756177212,-0.08295400986503099,-1.600968592663514,-14.32836384934584
0.3258853768100807,-2.073599220437052,0.2378329477461334,-4.211455528660629
-0.1802777530535835,0.666168581958231,-1.342783611799043,-9.980251476646322
2.24227193738384,-1.624469139586473,0.8202561938846126,7.153209133644186
0.9540825469952471,0.2583021466824322,1.658520259736767,20.48320780154023
0.9099007401153119,0.1480693753299138,0.652501169084255,10.00786777282574
-1.588948640704442,-0.2939858763023752,1.046919340078161,7.028243281853601
-0.8270552625879611,1.348797936157556,0.3994963158262991,8.718758184985051
-0.1729028518900991,-0.06657104372716129,0.9733479333048476,9.969225749486665
-1.01618535747552,-0.1150591118221764,-0.652063429931494,-8.009541812539707
-0.6575559773134488,1.033472476758271,0.08834003266243408,4.78935346318046
0.5287813332124868,-0.317851502086568,1.257001604303621,13.29383760398736
0.4367586933264808,1.22352565035512,-0.695516337745676,-0.037795828165054
1.37982947009514,-0.6636972404919994,0.2464659383296953,3.453827849498996
-1.420296093352707,1.526748104643997,0.1013737125813758,5.098027029296251
-1.412256040731909,-1.709535346729877,-0.8955628272456669,-17.80790317770502
1.1273051932046,0.5604869412737374,0.5223706986514415,10.58833675107439
0.4874274290911785,0.125063682939066,0.2299013582421671,4.691030876712808
-1.964790918232904,-0.1083654064613424,0.3548372798558008,0.09787907807310962
-0.5438227536812177,-0.8587635582485385,1.715411998697038,13.52574466872502
0.2179797511882054,0.02505001018286438,0.05909031973730068,2.12773597310787
-0.008527807669126249,-0.3368827693149891,0.9305861980935584,9.077908827616627
-0.6227541122513508,0.3584995550001637,0.5107003365919811,6.347459482975149
-0.6510693441514462,-1.000336250985396,0.08263999583117584,-3.574495209968649
-1.135534619580803,-2.102192806208527,-0.705314099321092,-16.82622675303092
0.6588781126720357,0.9434954500115034,-0.2931601439268336,3.272969370467749
0.2603779173141278,-0.2112224983788961,-0.9436217687426984,-8.783770136967512
1.935376076650065,-0.4654707534675696,-1.261178001819532,-9.415189181264642
-0.9254204445310275,-0.7731334746090022,-1.433783748744833,-18.39714821241359
-0.5167416653814622,1.104254625405539,0.1303143624779688,5.848740448858196
-0.7218273388244525,0.1835075835316142,-0.7652323808976268,-7.167004811499861
0.9514140678961553,1.021863499135427,0.3067783836096781,10.05878604795494
-1.099350369365162,-0.420729196384536,-0.3114215227733455,-5.90715154142899
-0.6757334910601659,0.1109738389429645,2.290276066335911,23.04000198177888
-1.463889238497905,-1.284018832321575,1.089126350157082,3.757498587611074
0.190881975127402,-0.4317543003701488,0.3496544083280979,3.162040993730802
-0.4650122175195559,0.4584272907490034,0.01240780390472856,1.950432547847031
-0.5016762414898778,0.7952258125576406,-0.1719550793046901,1.487272653095576
0.1135362977488287,-0.2655771582558644,0.9395589975926825,9.401282344752197
1.601291884621906,-1.659715835675248,1.152082932011393,9.211053386815049
0.1737462630423943,-0.8967621621121398,0.3225596380932876,0.9808343641401509
1.185455279478234,-0.2507126329038675,-0.1070409112316871,1.52234386276018
-0.9872610563421667,-0.5112972203714674,0.4313871913570792,1.309468217774832
0.6243956582819271,0.1041368024149276,0.9921505124919558,12.61288048437387
0.6291471408469963,0.1812849134116726,1.878539907840154,21.80254710240387
0.9585408997666873,-0.6729532217255618,-0.8878284132999779,-8.658360004958174
0.5834745484353399,-1.37501093338955,-1.755992505341734,-20.86263795821022
0.4446301493552693,1.168216534922806,1.712925763829967,23.8061396219932
0.6729354770461375,-1.642465519525824,0.03797603076726667,-3.940167460447655
0.4819490096559278,0.1447346337129583,1.118491909333419,14.11448516558715
0.04008610170394258,-0.1748120537318482,-0.5823258514721238,-5.476273680029487
0.1656944265544712,0.9232437101446662,-0.7389013891491922,-2.194303149997613
-0.4283538816571328,1.92105414268599,-0.7592543929496092,0.3099750625538191
0.3627773093945744,0.1155114482020757,-0.8252719669378472,-6.035690089464724
-0.8036435374127944,1.788055077087693,0.03307201746132945,6.924913428504634
-1.912159756712991,-0.7881288849985891,-0.1041748435851224,-7.068784870061842
0.4931898302909213,-0.1833197094800302,-0.7285483688238698,-5.89067219052764
-1.150360557855171,-0.11154253145679,-1.283338049383447,-14.43488665368642
2.364916913891074,0.7768080310957511,0.1394583768744958,10.27260904780068
-0.7375823865900067,1.763211767270324,0.4965295293300249,11.56175603443192
0.3065163473578851,-0.1153057263243448,-1.100674593169371,-9.877314164839918
-0.8713884486159504,-0.6077642269679151,-0.9117188175104246,-12.27703045384381
-0.6915895354148778,0.1856390148148851,0.06110697084250922,1.039193447458229
-1.68473993223008,1.143624169179924,0.7812133699836489,10.03853177139227
-1.144712539718547,0.992346353021917,1.248410365812754,15.17815866743701
-0.02287195055637126,0.9674842033648759,0.2970230044484982,7.909921689496878
-1.529571408084963,-0.111165864667642,-0.8594645214677303,-11.16666207117013
0.6577200052177565,0.2287289310323968,0.8244013439928615,11.43438092979704
1.196908495267671,-0.1151817742659619,0.8879398782612483,11.69516964950484
-0.5045409390741183,-0.462138740253255,0.5119503240989423,3.197186873786744
1.233821929069419,0.5399847387999833,-0.2360737669090499,3.215114118534436
-1.08959277955943,-0.4716107648015305,-0.250622709120056,-5.625640837682192
0.02731861764024623,-1.133164278430665,-1.123974597736726,-14.79592922564444
-0.6550936324028345,-0.6600580432122288,0.0299322087724868,-2.596133986122417
-0.6183571537974727,1.820625212831206,0.6100869994696401,13.24617635231432
1.204848207298087,-0.1601992451134203,-0.2518999824490846,0.2391016351956936
1.326519358446262,0.513672713119024,-0.2932258586630235,2.835399366116631
-0.06811285061802901,1.574658359188602,2.21455321787297,29.43068430051571
-1.050034292066689,-0.9607116358580817,1.204994238197689,7.260165816772499
-0.5476348640775659,1.130669333689526,0.08753673085603683,5.248312086451263
-0.1857848572683095,-0.7191547931323854,-0.4286278020024744,-6.73043108359653
-1.479570361924456,-1.136170020890823,0.368605056951779,-2.872750965911881
-0.7578013440025033,0.1987316033559686,-1.564768160423515,-15.47762857910342
-0.47179199806918,1.147744235336336,-0.4831597683237582,-0.2479060517908751
0.3610590612518196,1.134658820611381,-2.085756341727376,-14.64166456851975
0.1965066730717714,-0.2384496823699286,0.2569677719950263,2.924511496500855
0.7582938789664283,-1.132424133426984,-0.9214231849787137,-11.39746539986777
-0.9134555283685675,-0.8700103913058819,-1.569704951951783,-19.9873921856541
1.054591021283767,0.02738651105377428,0.1209975636504247,4.590248868707762
1.335073974280653,1.160922820306917,0.9858422718226173,18.12268744019461
-0.1407795758881626,-0.8641851994498829,0.6128445012581841,3.345726268703305
-0.5509549478762508,-0.7216978667840723,0.2023201400525308,-1.039385773899861
-1.456262758896353,-0.5717286294490274,0.5064669201427684,0.8261001740411412
-0.3053996136728721,0.3874604557908784,-0.5545231026342466,-3.619626232492917
0.5587449761061724,-0.7162201235761277,0.5704845080375542,5.062190204726702
